t,(G sl) R fl,stepwise fl,stepwise sl
0	0,000000	0,000000	-0,249084
1	0,000000	0,000000	-0,128601
2	0,000000	0,000000	-0,234987
3	0,000000	0,000000	-0,251467
4	0,000000	0,000000	-0,120116
5	0,000000	0,000000	-0,182658
6	0,000000	0,000000	-0,227309
7	0,000000	0,000000	-0,235019
8	0,000000	0,000000	-0,123594
9	0,000000	0,000000	-0,199930
10	0,000000	0,000000	-0,287897
11	0,000000	0,000000	-0,285645
12	0,000000	0,000000	-0,181097
13	0,000000	0,000000	-0,242741
14	0,000000	0,000000	-0,169483
15	0,000000	0,000000	-0,283083
16	0,000000	0,000000	-0,165387
17	0,000000	0,000000	-0,103591
18	0,000000	0,000000	-0,122228
19	0,000000	0,000000	-0,239854
20	0,000000	0,000000	-0,215133
21	0,000000	0,000000	-0,106867
22	0,000000	0,000000	-0,220312
23	0,000000	0,000000	-0,269264
24	0,000000	0,000000	-0,189292
25	0,000000	0,000000	-0,177707
26	0,000000	0,000000	-0,121744
27	0,000000	0,000000	-0,199837
28	0,000000	0,000000	-0,151914
29	0,000000	0,000000	-0,129116
30	0,000000	0,000000	-0,162299
31	0,000000	0,000000	-0,206226
32	0,000000	0,000000	-0,252568
33	0,000000	0,000000	-0,201963
34	0,000000	0,000000	-0,202210
35	0,000000	0,000000	-0,192195
36	0,000000	0,000000	-0,238624
37	0,000000	0,000000	-0,149128
38	0,000000	0,000000	-0,232576
39	0,000000	0,000000	-0,197032
40	-0,276605	-0,914765	-0,285384
41	-0,281755	-0,915382	-0,288284
42	-0,281755	-0,915999	-0,159847
43	-0,281755	-0,916616	-0,180641
44	-0,281755	-0,917232	-0,233541
45	-0,281755	-0,917848	-0,158288
46	-0,281755	-0,918463	-0,149402
47	-0,281755	-0,919078	-0,117002
48	-0,281755	-0,919693	-0,185297
49	-0,281755	-0,920308	-0,239587
50	-0,281755	-0,920922	-0,151243
51	-0,281755	-0,921535	-0,097859
52	-0,281755	-0,922149	-0,124596
53	-0,281755	-0,922762	-0,108785
54	-0,281755	-0,923374	-0,150145
55	-0,281755	-0,923987	-0,246724
56	-0,307566	-0,924598	-0,321879
57	-0,307566	-0,925210	-0,146082
58	-0,307566	-0,925821	-0,100660
59	-0,307566	-0,926432	-0,171531
60	-0,307566	-0,927043	-0,269494
61	-0,307566	-0,927654	-0,180073
62	-0,307566	-0,928264	-0,116054
63	-0,307566	-0,928873	-0,105622
64	-0,307566	-0,929483	-0,104838
65	-0,307566	-0,930092	-0,137574
66	-0,307566	-0,930701	-0,142266
67	-0,307566	-0,931310	-0,219931
68	-0,307566	-0,931919	-0,232260
69	-0,307566	-0,932527	-0,207160
70	-0,307566	-0,933135	-0,199188
71	-0,307566	-0,933743	-0,127580
72	-0,307566	-0,934351	-0,174800
73	-0,307566	-0,934958	-0,125279
74	-0,307566	-0,935565	-0,237320
75	-0,307566	-0,936172	-0,146835
76	-0,307566	-0,936779	-0,241743
77	-0,307566	-0,937386	-0,247528
78	-0,307566	-0,937992	-0,211607
79	-0,307566	-0,938598	-0,104851
80	-0,307566	-0,939204	-0,172602
81	-0,307566	-0,939810	-0,121330
82	-0,307566	-0,940416	-0,195323
83	-0,307566	-0,941021	-0,148821
84	-0,307566	-0,941627	-0,197249
85	-0,307566	-0,942232	-0,107543
86	-0,307566	-0,942837	-0,213209
87	-0,307566	-0,943442	-0,117611
88	-0,307566	-0,944047	-0,153714
89	-0,307566	-0,944651	-0,154063
90	-0,307566	-0,945256	-0,146180
91	-0,307566	-0,945823	-0,159295
92	-0,307566	-0,946357	-0,228729
93	-0,307566	-0,946862	-0,123720
94	-0,307566	-0,947341	-0,184605
95	-0,307566	-0,947797	-0,188183
96	-0,307566	-0,948231	-0,200456
97	-0,307566	-0,948648	-0,150699
98	-0,307566	-0,949048	-0,179206
99	-0,307566	-0,949433	-0,182498
100	-0,307566	-0,949806	-0,145829
101	-0,307566	-0,950167	-0,184279
102	-0,307566	-0,950518	-0,176419
103	-0,307566	-0,950860	-0,229451
104	-0,307566	-0,951193	-0,193837
105	-0,307566	-0,951519	-0,107744
106	-0,307566	-0,951802	-0,216941
107	-0,307566	-0,952047	-0,168171
108	-0,307566	-0,952256	-0,110889
109	-0,307566	-0,952436	-0,290071
110	-0,307566	-0,952588	-0,142538
111	-0,307566	-0,952716	-0,126824
112	-0,307566	-0,952822	-0,143291
113	-0,307566	-0,952910	-0,215041
114	-0,307566	-0,952980	-0,200062
115	-0,307566	-0,953036	-0,113597
116	-0,307566	-0,953077	-0,247086
117	-0,307566	-0,953107	-0,116536
118	-0,307566	-0,953127	-0,123227
119	-0,307566	-0,953136	-0,228630
120	-0,307566	-0,953138	-0,168497
121	-0,307566	-0,953132	-0,134777
122	-0,307566	-0,953119	-0,158204
123	-0,307566	-0,953100	-0,199474
124	-0,307566	-0,953076	-0,147536
125	-0,307566	-0,953048	-0,173158
126	-0,307566	-0,953015	-0,144270
127	-0,307566	-0,952978	-0,145077
128	-0,307566	-0,952938	-0,128157
129	-0,307566	-0,952895	-0,222881
130	-0,307566	-0,952850	-0,210396
131	-0,307566	-0,952802	-0,224824
132	-0,307566	-0,952752	-0,101737
133	-0,307566	-0,952700	-0,102857
134	-0,307566	-0,952646	-0,203798
135	-0,307566	-0,952591	-0,187459
136	-0,307566	-0,952572	-0,113371
137	-0,307566	-0,952584	-0,124217
138	-0,307566	-0,952625	-0,113467
139	-0,307566	-0,952691	-0,163487
140	-0,307566	-0,952778	-0,158868
141	-0,307566	-0,952886	-0,173614
142	-0,307566	-0,953011	-0,112545
143	-0,307566	-0,953152	-0,156563
144	-0,307566	-0,953307	-0,156107
145	-0,307566	-0,953474	-0,106706
146	-0,307566	-0,953652	-0,190998
147	-0,307566	-0,953840	-0,223384
148	-0,307566	-0,954036	-0,214221
149	-0,307566	-0,954240	-0,125651
150	-0,307566	-0,954451	-0,127200
151	-0,307566	-0,954631	-0,265769
152	-0,307566	-0,954783	-0,178290
153	-0,307566	-0,954911	-0,159424
154	-0,307566	-0,955017	-0,190994
155	-0,307566	-0,955104	-0,303579
156	-0,307566	-0,955173	-0,208807
157	-0,307566	-0,955227	-0,241920
158	-0,307566	-0,955268	-0,170652
159	-0,307566	-0,955296	-0,115596
160	-0,307566	-0,955314	-0,167133
161	-0,307566	-0,955322	-0,148733
162	-0,307566	-0,955321	-0,159110
163	-0,307566	-0,955313	-0,119873
164	-0,307566	-0,955299	-0,132798
165	-0,307566	-0,955278	-0,171596
166	-0,307566	-0,955252	-0,127884
167	-0,307566	-0,955221	-0,218189
168	-0,307566	-0,955186	-0,196680
169	-0,307566	-0,955147	-0,137251
170	-0,307566	-0,955104	-0,253835
171	-0,307566	-0,955059	-0,116310
172	-0,307566	-0,955011	-0,139850
173	-0,307566	-0,954961	-0,191796
174	-0,307566	-0,954908	-0,122487
175	-0,307566	-0,954854	-0,105153
176	-0,307566	-0,954798	-0,205058
177	-0,307566	-0,954740	-0,251832
178	-0,307566	-0,954682	-0,170858
179	-0,307566	-0,954622	-0,180946
180	-0,307566	-0,954560	-0,276139
181	-0,307566	-0,954498	-0,190888
182	-0,307566	-0,954435	-0,166851
183	-0,307566	-0,954372	-0,231638
184	-0,307566	-0,954307	-0,141035
185	-0,307566	-0,954242	-0,189725
186	-0,307566	-0,954177	-0,157958
187	-0,307566	-0,954111	-0,134815
188	-0,307566	-0,954044	-0,168876
189	-0,307566	-0,953977	-0,203458
190	-0,307566	-0,953910	-0,201425
191	-0,307566	-0,953842	-0,113967
192	-0,307566	-0,953774	-0,143379
193	-0,307566	-0,953706	-0,166590
194	-0,307566	-0,953637	-0,109042
195	-0,307566	-0,953569	-0,200037
196	-0,307566	-0,953537	-0,245710
197	-0,307566	-0,953538	-0,103185
198	-0,307566	-0,953568	-0,164760
199	-0,307566	-0,953623	-0,203430
200	-0,307566	-0,953702	-0,166773
201	-0,307566	-0,953801	-0,114307
202	-0,307566	-0,953919	-0,211454
203	-0,307566	-0,954052	-0,177734
204	-0,307566	-0,954200	-0,123880
205	-0,307566	-0,954360	-0,224720
206	-0,307566	-0,954532	-0,202643
207	-0,307566	-0,954714	-0,113506
208	-0,307566	-0,954905	-0,159307
209	-0,307566	-0,955104	-0,205344
210	-0,307566	-0,955309	-0,183442
211	-0,307566	-0,955521	-0,160604
212	-0,307566	-0,955739	-0,252449
213	-0,307566	-0,955961	-0,096902
214	-0,307566	-0,956188	-0,114633
215	-0,307566	-0,956419	-0,125869
216	-0,307566	-0,956653	-0,108531
217	-0,307566	-0,956890	-0,129677
218	-0,307566	-0,957130	-0,211489
219	-0,307566	-0,957372	-0,210511
220	-0,307566	-0,957617	-0,164707
221	-0,307566	-0,957863	-0,142871
222	-0,307566	-0,958111	-0,166392
223	-0,307566	-0,958361	-0,163903
224	-0,307566	-0,958612	-0,140270
225	-0,307566	-0,958864	-0,162166
226	-0,307566	-0,959080	-0,154153
227	-0,307566	-0,959264	-0,126089
228	-0,307566	-0,959419	-0,120089
229	-0,307566	-0,959549	-0,235082
230	-0,307566	-0,959657	-0,168974
231	-0,307566	-0,959745	-0,154679
232	-0,307566	-0,959815	-0,237750
233	-0,307566	-0,959869	-0,242221
234	-0,307566	-0,959909	-0,176058
235	-0,307566	-0,959936	-0,179748
236	-0,307566	-0,959953	-0,174585
237	-0,307566	-0,959959	-0,165150
238	-0,307566	-0,959957	-0,118482
239	-0,307566	-0,959947	-0,101605
240	-0,307566	-0,959930	-0,124265
241	-0,307566	-0,959944	-0,157828
242	-0,307566	-0,959985	-0,236813
243	-0,307566	-0,960050	-0,161838
244	-0,307566	-0,960137	-0,220306
245	-0,307566	-0,960244	-0,160594
246	-0,307566	-0,960367	-0,275932
247	-0,307566	-0,960506	-0,302353
248	-0,307566	-0,960658	-0,189915
249	-0,307566	-0,960823	-0,111853
250	-0,307566	-0,960997	-0,132580
251	-0,307566	-0,961182	-0,216175
252	-0,307566	-0,961374	-0,208826
253	-0,307566	-0,961575	-0,135337
254	-0,307566	-0,961782	-0,175687
255	-0,307566	-0,961994	-0,176027
256	-0,351030	-0,962175	-0,350938
257	-0,351030	-0,962328	-0,192829
258	-0,351030	-0,962455	-0,173657
259	-0,351030	-0,962561	-0,124871
260	-0,351030	-0,962646	-0,109215
261	-0,351030	-0,962713	-0,120371
262	-0,351030	-0,962765	-0,229387
263	-0,351030	-0,962803	-0,135179
264	-0,351030	-0,962829	-0,188669
265	-0,351030	-0,962843	-0,117470
266	-0,351030	-0,962848	-0,151402
267	-0,351030	-0,962844	-0,216034
268	-0,351030	-0,962832	-0,170932
269	-0,351030	-0,962813	-0,172489
270	-0,351030	-0,962788	-0,251250
271	-0,351030	-0,962795	-0,122004
272	-0,351030	-0,962830	-0,130198
273	-0,351030	-0,962889	-0,128430
274	-0,351030	-0,962971	-0,197491
275	-0,351030	-0,963072	-0,142654
276	-0,351030	-0,963191	-0,130873
277	-0,351030	-0,963326	-0,171247
278	-0,351030	-0,963474	-0,277088
279	-0,351030	-0,963635	-0,216683
280	-0,351030	-0,963806	-0,126837
281	-0,351030	-0,963987	-0,153020
282	-0,351030	-0,964177	-0,161407
283	-0,351030	-0,964375	-0,140593
284	-0,351030	-0,964579	-0,162228
285	-0,351030	-0,964789	-0,121008
286	-0,351030	-0,964968	-0,143831
287	-0,351030	-0,965118	-0,117094
288	-0,351030	-0,965244	-0,102696
289	-0,351030	-0,965347	-0,236297
290	-0,351030	-0,965430	-0,206288
291	-0,351030	-0,965496	-0,186508
292	-0,351030	-0,965546	-0,117331
293	-0,351030	-0,965582	-0,107835
294	-0,351030	-0,965606	-0,145578
295	-0,351030	-0,965619	-0,218104
296	-0,351030	-0,965622	-0,202377
297	-0,351030	-0,965616	-0,183954
298	-0,351030	-0,965602	-0,230099
299	-0,351030	-0,965582	-0,276360
300	-0,351030	-0,965556	-0,121307
301	-0,351030	-0,965561	-0,131665
302	-0,351030	-0,965594	-0,224943
303	-0,351030	-0,965652	-0,216194
304	-0,351030	-0,965733	-0,216596
305	-0,351030	-0,965833	-0,138322
306	-0,351030	-0,965950	-0,162920
307	-0,351030	-0,966083	-0,226686
308	-0,351030	-0,966230	-0,124781
309	-0,351030	-0,966389	-0,234590
310	-0,351030	-0,966559	-0,122550
311	-0,351030	-0,966739	-0,119629
312	-0,351030	-0,966928	-0,280633
313	-0,351030	-0,967124	-0,215357
314	-0,351030	-0,967327	-0,218186
315	-0,351030	-0,967536	-0,183464
316	-0,351030	-0,967713	-0,137555
317	-0,351030	-0,967862	-0,124458
318	-0,351030	-0,967986	-0,134673
319	-0,351030	-0,968088	-0,203182
320	-0,351030	-0,968170	-0,113114
321	-0,351030	-0,968234	-0,221177
322	-0,351030	-0,968283	-0,159595
323	-0,351030	-0,968318	-0,209014
324	-0,351030	-0,968341	-0,178534
325	-0,351030	-0,968352	-0,260659
326	-0,351030	-0,968354	-0,195406
327	-0,351030	-0,968347	-0,210064
328	-0,351030	-0,968332	-0,226188
329	-0,351030	-0,968311	-0,163486
330	-0,351030	-0,968283	-0,138290
331	-0,351030	-0,968287	-0,171082
332	-0,351030	-0,968319	-0,164972
333	-0,351030	-0,968376	-0,205221
334	-0,351030	-0,968455	-0,228742
335	-0,351030	-0,968553	-0,105037
336	-0,351030	-0,968670	-0,233702
337	-0,351030	-0,968802	-0,093938
338	-0,351030	-0,968947	-0,249271
339	-0,351030	-0,969105	-0,205571
340	-0,351030	-0,969274	-0,210565
341	-0,351030	-0,969453	-0,172886
342	-0,351030	-0,969640	-0,189753
343	-0,351030	-0,969835	-0,147049
344	-0,351030	-0,970036	-0,190021
345	-0,351030	-0,970244	-0,108251
346	-0,351030	-0,970420	-0,203788
347	-0,351030	-0,970568	-0,198047
348	-0,351030	-0,970691	-0,219492
349	-0,351030	-0,970791	-0,169065
350	-0,351030	-0,970872	-0,111207
351	-0,351030	-0,970935	-0,114470
352	-0,351030	-0,970983	-0,198237
353	-0,351030	-0,971017	-0,095191
354	-0,351030	-0,971038	-0,244738
355	-0,351030	-0,971048	-0,136731
356	-0,351030	-0,971049	-0,097373
357	-0,351030	-0,971040	-0,104182
358	-0,351030	-0,971025	-0,130953
359	-0,351030	-0,971002	-0,240985
360	-0,351030	-0,970973	-0,144388
361	-0,351030	-0,970975	-0,160649
362	-0,351030	-0,971006	-0,124432
363	-0,351030	-0,971062	-0,229324
364	-0,351030	-0,971140	-0,137910
365	-0,351030	-0,971237	-0,173319
366	-0,351030	-0,971352	-0,185422
367	-0,351030	-0,971483	-0,190674
368	-0,351030	-0,971628	-0,270389
369	-0,351030	-0,971784	-0,150675
370	-0,351030	-0,971952	-0,208774
371	-0,351030	-0,972129	-0,134374
372	-0,351030	-0,972315	-0,152304
373	-0,351030	-0,972509	-0,106450
374	-0,351030	-0,972709	-0,185677
375	-0,351030	-0,972916	-0,178266
376	-0,351030	-0,973091	-0,127816
377	-0,351030	-0,973237	-0,167938
378	-0,351030	-0,973359	-0,193428
379	-0,351030	-0,973458	-0,149856
380	-0,351030	-0,973538	-0,133609
381	-0,351030	-0,973600	-0,191874
382	-0,351030	-0,973646	-0,118224
383	-0,351030	-0,973679	-0,126649
384	-0,351030	-0,973699	-0,177331
385	-0,351030	-0,973708	-0,192149
386	-0,351030	-0,973707	-0,108362
387	-0,351030	-0,973698	-0,119653
388	-0,351030	-0,973681	-0,201152
389	-0,351030	-0,973657	-0,173809
390	-0,351030	-0,973627	-0,174806
391	-0,351030	-0,973628	-0,262149
392	-0,351030	-0,973658	-0,097833
393	-0,351030	-0,973712	-0,225992
394	-0,351030	-0,973789	-0,156073
395	-0,351030	-0,973885	-0,110844
396	-0,351030	-0,973999	-0,234046
397	-0,351030	-0,974129	-0,106235
398	-0,351030	-0,974272	-0,170561
399	-0,351030	-0,974428	-0,252285
400	-0,351030	-0,974594	-0,175776
401	-0,351030	-0,974770	-0,116112
402	-0,351030	-0,974955	-0,181042
403	-0,351030	-0,975148	-0,127858
404	-0,351030	-0,975347	-0,104688
405	-0,351030	-0,975552	-0,139917
406	-0,351030	-0,975726	-0,160357
407	-0,351030	-0,975872	-0,178742
408	-0,351030	-0,975992	-0,187391
409	-0,351030	-0,976090	-0,198837
410	-0,351030	-0,976169	-0,168051
411	-0,351030	-0,976230	-0,168550
412	-0,351030	-0,976275	-0,221558
413	-0,351030	-0,976306	-0,206643
414	-0,351030	-0,976325	-0,222711
415	-0,351030	-0,976333	-0,201851
416	-0,351030	-0,976331	-0,261889
417	-0,351030	-0,976321	-0,143941
418	-0,351030	-0,976302	-0,251842
419	-0,351030	-0,976277	-0,114104
420	-0,351030	-0,976246	-0,187646
421	-0,351030	-0,976209	-0,149054
422	-0,351030	-0,976168	-0,113919
423	-0,351030	-0,976122	-0,144227
424	-0,351030	-0,976072	-0,096463
425	-0,351030	-0,976019	-0,163825
426	-0,351030	-0,975963	-0,096940
427	-0,351030	-0,975904	-0,089075
428	-0,351030	-0,975843	-0,121543
429	-0,351030	-0,975779	-0,196035
430	-0,351030	-0,975714	-0,157302
431	-0,351030	-0,975647	-0,171428
432	-0,351030	-0,975578	-0,154875
433	-0,351030	-0,975508	-0,104581
434	-0,351030	-0,975437	-0,141169
435	-0,351030	-0,975365	-0,244806
436	-0,351030	-0,975329	-0,274369
437	-0,351030	-0,975325	-0,185234
438	-0,351030	-0,975350	-0,240656
439	-0,351030	-0,975399	-0,111470
440	-0,351030	-0,975472	-0,120990
441	-0,351030	-0,975564	-0,172754
442	-0,351030	-0,975674	-0,096160
443	-0,351030	-0,975800	-0,172889
444	-0,351030	-0,975940	-0,221247
445	-0,351030	-0,976092	-0,119859
446	-0,351030	-0,976256	-0,174037
447	-0,351030	-0,976429	-0,155698
448	-0,351030	-0,976611	-0,138168
449	-0,351030	-0,976801	-0,176087
450	-0,351030	-0,976998	-0,232358
451	-0,351030	-0,977163	-0,230486
452	-0,351030	-0,977302	-0,151358
453	-0,351030	-0,977416	-0,193805
454	-0,351030	-0,977508	-0,168091
455	-0,351030	-0,977581	-0,264728
456	-0,351030	-0,977637	-0,200702
457	-0,351030	-0,977677	-0,154195
458	-0,351030	-0,977704	-0,217860
459	-0,351030	-0,977719	-0,191320
460	-0,351030	-0,977723	-0,201799
461	-0,351030	-0,977718	-0,272435
462	-0,351030	-0,977704	-0,147233
463	-0,351030	-0,977682	-0,093535
464	-0,351030	-0,977654	-0,278961
465	-0,351030	-0,977620	-0,159905
466	-0,351030	-0,977581	-0,240210
467	-0,351030	-0,977536	-0,157448
468	-0,351030	-0,977488	-0,168104
469	-0,351030	-0,977436	-0,226840
470	-0,351030	-0,977381	-0,163986
471	-0,351030	-0,977322	-0,184392
472	-0,351030	-0,977261	-0,171834
473	-0,351030	-0,977198	-0,171585
474	-0,351030	-0,977132	-0,204938
475	-0,351030	-0,977065	-0,254534
476	-0,351030	-0,976996	-0,102186
477	-0,351030	-0,976925	-0,157841
478	-0,351030	-0,976854	-0,204586
479	-0,351030	-0,976781	-0,178020
480	-0,351030	-0,976707	-0,149376
481	-0,351030	-0,976669	-0,118391
482	-0,351030	-0,976663	-0,233371
483	-0,351030	-0,976685	-0,153017
484	-0,351030	-0,976733	-0,333770
485	-0,351030	-0,976804	-0,256590
486	-0,351030	-0,976895	-0,144050
487	-0,351030	-0,977003	-0,134418
488	-0,351030	-0,977127	-0,213801
489	-0,351030	-0,977265	-0,132970
490	-0,351030	-0,977416	-0,099651
491	-0,351030	-0,977578	-0,140234
492	-0,351030	-0,977749	-0,148291
493	-0,351030	-0,977930	-0,194491
494	-0,351030	-0,978118	-0,178087
495	-0,351030	-0,978313	-0,109602
496	-0,351030	-0,978477	-0,129754
497	-0,351030	-0,978614	-0,199037
498	-0,351030	-0,978726	-0,233656
499	-0,351030	-0,978817	-0,146622
500	-0,351030	-0,978888	-0,140211
501	-0,351030	-0,978942	-0,148639
502	-0,351030	-0,978981	-0,279538
503	-0,351030	-0,979006	-0,182573
504	-0,351030	-0,979019	-0,116070
505	-0,351030	-0,979022	-0,252949
506	-0,351030	-0,979015	-0,166834
507	-0,351030	-0,978999	-0,123969
508	-0,351030	-0,978976	-0,174488
509	-0,351030	-0,978946	-0,190838
510	-0,351030	-0,978910	-0,194862
511	-0,351030	-0,978869	-0,195056
512	-0,351030	-0,978824	-0,188821
513	-0,351030	-0,978774	-0,299161
514	-0,351030	-0,978720	-0,202506
515	-0,351030	-0,978663	-0,173876
516	-0,351030	-0,978603	-0,136217
517	-0,351030	-0,978540	-0,256636
518	-0,351030	-0,978475	-0,108125
519	-0,351030	-0,978408	-0,114689
520	-0,351030	-0,978339	-0,236249
521	-0,351030	-0,978268	-0,099841
522	-0,351030	-0,978196	-0,150230
523	-0,351030	-0,978123	-0,115804
524	-0,351030	-0,978048	-0,107766
525	-0,351030	-0,977972	-0,123952
526	-0,351030	-0,977933	-0,110572
527	-0,351030	-0,977925	-0,099139
528	-0,351030	-0,977946	-0,242582
529	-0,351030	-0,977993	-0,182898
530	-0,351030	-0,978062	-0,115254
531	-0,351030	-0,978151	-0,235718
532	-0,351030	-0,978257	-0,200776
533	-0,351030	-0,978380	-0,111976
534	-0,351030	-0,978517	-0,211981
535	-0,351030	-0,978666	-0,237628
536	-0,351030	-0,978826	-0,262889
537	-0,351030	-0,978996	-0,133864
538	-0,351030	-0,979174	-0,107784
539	-0,351030	-0,979361	-0,125966
540	-0,351030	-0,979554	-0,210581
541	-0,351030	-0,979717	-0,249400
542	-0,351030	-0,979852	-0,210101
543	-0,351030	-0,979963	-0,155086
544	-0,351030	-0,980052	-0,110189
545	-0,351030	-0,980121	-0,115734
546	-0,351030	-0,980174	-0,141749
547	-0,351030	-0,980211	-0,228472
548	-0,351030	-0,980235	-0,281074
549	-0,351030	-0,980246	-0,158426
550	-0,351030	-0,980247	-0,163627
551	-0,351030	-0,980239	-0,129407
552	-0,351030	-0,980222	-0,149025
553	-0,351030	-0,980197	-0,111579
554	-0,351030	-0,980165	-0,192018
555	-0,351030	-0,980128	-0,219459
556	-0,351030	-0,980085	-0,136303
557	-0,351030	-0,980038	-0,146833
558	-0,351030	-0,979986	-0,156526
559	-0,351030	-0,979931	-0,187682
560	-0,351030	-0,979872	-0,189913
561	-0,351030	-0,979811	-0,215747
562	-0,351030	-0,979747	-0,173200
563	-0,351030	-0,979680	-0,237791
564	-0,351030	-0,979611	-0,199457
565	-0,351030	-0,979541	-0,148781
566	-0,351030	-0,979468	-0,175091
567	-0,351030	-0,979395	-0,214126
568	-0,351030	-0,979320	-0,128388
569	-0,351030	-0,979244	-0,254004
570	-0,351030	-0,979166	-0,292056
571	-0,351030	-0,979088	-0,220691
572	-0,351030	-0,979009	-0,187885
573	-0,351030	-0,978929	-0,153790
574	-0,351030	-0,978849	-0,096368
575	-0,351030	-0,978768	-0,172713
576	-0,351030	-0,978686	-0,158423
577	-0,351030	-0,978604	-0,202037
578	-0,351030	-0,978522	-0,134373
579	-0,351030	-0,978439	-0,221550
580	-0,351030	-0,978356	-0,267957
581	-0,351030	-0,978272	-0,164786
582	-0,351030	-0,978188	-0,119896
583	-0,351030	-0,978104	-0,186226
584	-0,351030	-0,978020	-0,154130
585	-0,351030	-0,977936	-0,165200
586	-0,351030	-0,977888	-0,228486
587	-0,351030	-0,977873	-0,222602
588	-0,351030	-0,977887	-0,120779
589	-0,351030	-0,977927	-0,181847
590	-0,351030	-0,977990	-0,203943
591	-0,351030	-0,978074	-0,125727
592	-0,351030	-0,978176	-0,109423
593	-0,351030	-0,978293	-0,166108
594	-0,351030	-0,978426	-0,135325
595	-0,351030	-0,978571	-0,233879
596	-0,351030	-0,978727	-0,238591
597	-0,351030	-0,978893	-0,136937
598	-0,351030	-0,979068	-0,178377
599	-0,351030	-0,979251	-0,128275
600	-0,351030	-0,979442	-0,109177
601	-0,351030	-0,979601	-0,139021
602	-0,351030	-0,979733	-0,093950
603	-0,351030	-0,979841	-0,234517
604	-0,351030	-0,979927	-0,270608
605	-0,351030	-0,979994	-0,190887
606	-0,351030	-0,980044	-0,217581
607	-0,351030	-0,980079	-0,140606
608	-0,351030	-0,980100	-0,138603
609	-0,351030	-0,980109	-0,160500
610	-0,351030	-0,980107	-0,135367
611	-0,351030	-0,980096	-0,187790
612	-0,351030	-0,980077	-0,190463
613	-0,351030	-0,980050	-0,199916
614	-0,351030	-0,980016	-0,181678
615	-0,351030	-0,979976	-0,099985
616	-0,351030	-0,979931	-0,147893
617	-0,351030	-0,979882	-0,110360
618	-0,351030	-0,979828	-0,155649
619	-0,351030	-0,979771	-0,280398
620	-0,351030	-0,979710	-0,290841
621	-0,351030	-0,979646	-0,110892
622	-0,351030	-0,979579	-0,113668
623	-0,351030	-0,979511	-0,103847
624	-0,351030	-0,979440	-0,164970
625	-0,351030	-0,979367	-0,177210
626	-0,351030	-0,979293	-0,188082
627	-0,351030	-0,979217	-0,180775
628	-0,351030	-0,979140	-0,172355
629	-0,351030	-0,979062	-0,148909
630	-0,351030	-0,978982	-0,176017
631	-0,351030	-0,978902	-0,179485
632	-0,351030	-0,978821	-0,143614
633	-0,351030	-0,978739	-0,111430
634	-0,351030	-0,978657	-0,126944
635	-0,351030	-0,978574	-0,300250
636	-0,351030	-0,978490	-0,131204
637	-0,351030	-0,978406	-0,190449
638	-0,351030	-0,978321	-0,133403
639	-0,351030	-0,978236	-0,232896
640	-0,351030	-0,978151	-0,168566
641	-0,351030	-0,978066	-0,170114
642	-0,351030	-0,977980	-0,212337
643	-0,351030	-0,977894	-0,208848
644	-0,351030	-0,977807	-0,154004
645	-0,351030	-0,977721	-0,131477
646	-0,351030	-0,977634	-0,164079
647	-0,351030	-0,977547	-0,174082
648	-0,351030	-0,977460	-0,204140
649	-0,351030	-0,977373	-0,224755
650	-0,351030	-0,977286	-0,141944
651	-0,351030	-0,977198	-0,206966
652	-0,351030	-0,977111	-0,192371
653	-0,351030	-0,977023	-0,163066
654	-0,351030	-0,976935	-0,168227
655	-0,351030	-0,976847	-0,133266
656	-0,351030	-0,976759	-0,185985
657	-0,351030	-0,976671	-0,104722
658	-0,351030	-0,976583	-0,233002
659	-0,351030	-0,976495	-0,222318
660	-0,351030	-0,976407	-0,125203
661	-0,351030	-0,976356	-0,223697
662	-0,351030	-0,976338	-0,213488
663	-0,351030	-0,976348	-0,132902
664	-0,351030	-0,976385	-0,131273
665	-0,351030	-0,976445	-0,159782
666	-0,351030	-0,976526	-0,218041
667	-0,351030	-0,976624	-0,105335
668	-0,351030	-0,976739	-0,158313
669	-0,351030	-0,976868	-0,170883
670	-0,351030	-0,977010	-0,201782
671	-0,351030	-0,977164	-0,242799
672	-0,351030	-0,977327	-0,210712
673	-0,351030	-0,977500	-0,138926
674	-0,351030	-0,977680	-0,120995
675	-0,351030	-0,977867	-0,124472
676	-0,351030	-0,978024	-0,133138
677	-0,351030	-0,978154	-0,157789
678	-0,351030	-0,978259	-0,189899
679	-0,351030	-0,978342	-0,264059
680	-0,351030	-0,978407	-0,238598
681	-0,351030	-0,978454	-0,144648
682	-0,351030	-0,978486	-0,123069
683	-0,351030	-0,978504	-0,115991
684	-0,351030	-0,978511	-0,214998
685	-0,351030	-0,978507	-0,125107
686	-0,351030	-0,978493	-0,194234
687	-0,351030	-0,978471	-0,182626
688	-0,351030	-0,978442	-0,125890
689	-0,351030	-0,978405	-0,166616
690	-0,351030	-0,978363	-0,180750
691	-0,351030	-0,978316	-0,120674
692	-0,351030	-0,978264	-0,114307
693	-0,351030	-0,978207	-0,116939
694	-0,351030	-0,978147	-0,215963
695	-0,351030	-0,978084	-0,170077
696	-0,351030	-0,978018	-0,111242
697	-0,351030	-0,977949	-0,119168
698	-0,351030	-0,977877	-0,162265
699	-0,351030	-0,977804	-0,120559
700	-0,351030	-0,977729	-0,182593
701	-0,351030	-0,977652	-0,268024
702	-0,351030	-0,977574	-0,194432
703	-0,351030	-0,977494	-0,131770
704	-0,351030	-0,977413	-0,105639
705	-0,351030	-0,977331	-0,319717
706	-0,351030	-0,977249	-0,199426
707	-0,351030	-0,977165	-0,103994
708	-0,351030	-0,977081	-0,231622
709	-0,351030	-0,976996	-0,136292
710	-0,351030	-0,976910	-0,170822
711	-0,351030	-0,976824	-0,160363
712	-0,351030	-0,976737	-0,239201
713	-0,351030	-0,976650	-0,093352
714	-0,351030	-0,976563	-0,216427
715	-0,351030	-0,976475	-0,103239
716	-0,351030	-0,976387	-0,239469
717	-0,351030	-0,976299	-0,106213
718	-0,351030	-0,976210	-0,098290
719	-0,351030	-0,976122	-0,136029
720	-0,351030	-0,976033	-0,115125
721	-0,351030	-0,975980	-0,110091
722	-0,351030	-0,975961	-0,098799
723	-0,351030	-0,975971	-0,107191
724	-0,351030	-0,976006	-0,194967
725	-0,351030	-0,976065	-0,149412
726	-0,351030	-0,976144	-0,114429
727	-0,351030	-0,976241	-0,099843
728	-0,351030	-0,976354	-0,114586
729	-0,351030	-0,976482	-0,286994
730	-0,351030	-0,976622	-0,188268
731	-0,351030	-0,976774	-0,250546
732	-0,351030	-0,976936	-0,155511
733	-0,351030	-0,977107	-0,195707
734	-0,351030	-0,977285	-0,147730
735	-0,351030	-0,977471	-0,097603
736	-0,351030	-0,977626	-0,122568
737	-0,351030	-0,977754	-0,191235
738	-0,351030	-0,977857	-0,140609
739	-0,351030	-0,977939	-0,200952
740	-0,351030	-0,978001	-0,234861
741	-0,351030	-0,978047	-0,157532
742	-0,351030	-0,978077	-0,170651
743	-0,351030	-0,978093	-0,205191
744	-0,351030	-0,978098	-0,188498
745	-0,351030	-0,978092	-0,126825
746	-0,351030	-0,978077	-0,154274
747	-0,351030	-0,978053	-0,112289
748	-0,351030	-0,978021	-0,162825
749	-0,351030	-0,977983	-0,181391
750	-0,351030	-0,977939	-0,142524
751	-0,351030	-0,977890	-0,213988
752	-0,351030	-0,977835	-0,157504
753	-0,351030	-0,977777	-0,150644
754	-0,351030	-0,977715	-0,142760
755	-0,351030	-0,977650	-0,137612
756	-0,351030	-0,977582	-0,138808
757	-0,351030	-0,977511	-0,279711
758	-0,351030	-0,977438	-0,175007
759	-0,351030	-0,977362	-0,113323
760	-0,351030	-0,977285	-0,112862
761	-0,351030	-0,977207	-0,107461
762	-0,351030	-0,977126	-0,186880
763	-0,351030	-0,977045	-0,131202
764	-0,351030	-0,976962	-0,163266
765	-0,351030	-0,976878	-0,116561
766	-0,351030	-0,976794	-0,145625
767	-0,351030	-0,976708	-0,114057
768	-0,351030	-0,976622	-0,197744
769	-0,351030	-0,976535	-0,256693
770	-0,351030	-0,976448	-0,135190
771	-0,351030	-0,976360	-0,180405
772	-0,351030	-0,976271	-0,140798
773	-0,351030	-0,976182	-0,202718
774	-0,351030	-0,976093	-0,183850
775	-0,351030	-0,976003	-0,215096
776	-0,351030	-0,975913	-0,131967
777	-0,351030	-0,975823	-0,142889
778	-0,351030	-0,975732	-0,199243
779	-0,351030	-0,975642	-0,223417
780	-0,351030	-0,975551	-0,124366
781	-0,351030	-0,975460	-0,099738
782	-0,351030	-0,975368	-0,231337
783	-0,351030	-0,975277	-0,158013
784	-0,351030	-0,975185	-0,129004
785	-0,351030	-0,975094	-0,192729
786	-0,351030	-0,975002	-0,095196
787	-0,351030	-0,974910	-0,124330
788	-0,351030	-0,974818	-0,146170
789	-0,351030	-0,974726	-0,222347
790	-0,351030	-0,974634	-0,165847
791	-0,351030	-0,974542	-0,235772
792	-0,351030	-0,974449	-0,129117
793	-0,351030	-0,974357	-0,127178
794	-0,351030	-0,974264	-0,098839
795	-0,351030	-0,974172	-0,116253
796	-0,351030	-0,974116	-0,193688
797	-0,351030	-0,974094	-0,232333
798	-0,351030	-0,974100	-0,190635
799	-0,351030	-0,974133	-0,111638
800	-0,351030	-0,974188	-0,182977
801	-0,351030	-0,974264	-0,211333
802	-0,351030	-0,974359	-0,179682
803	-0,351030	-0,974469	-0,147538
804	-0,351030	-0,974594	-0,281847
805	-0,351030	-0,974732	-0,206279
806	-0,351030	-0,974881	-0,142127
807	-0,351030	-0,975040	-0,186434
808	-0,351030	-0,975208	-0,212136
809	-0,351030	-0,975384	-0,103723
810	-0,351030	-0,975567	-0,152833
811	-0,351030	-0,975720	-0,110156
812	-0,351030	-0,975845	-0,166492
813	-0,351030	-0,975946	-0,180802
814	-0,351030	-0,976025	-0,222067
815	-0,351030	-0,976085	-0,188040
816	-0,351030	-0,976128	-0,136725
817	-0,351030	-0,976155	-0,157030
818	-0,351030	-0,976170	-0,130825
819	-0,351030	-0,976172	-0,136827
820	-0,351030	-0,976163	-0,109643
821	-0,351030	-0,976146	-0,136146
822	-0,351030	-0,976119	-0,208862
823	-0,351030	-0,976085	-0,105676
824	-0,351030	-0,976045	-0,153283
825	-0,351030	-0,975998	-0,119638
826	-0,351030	-0,975947	-0,094602
827	-0,351030	-0,975890	-0,139440
828	-0,351030	-0,975830	-0,149349
829	-0,351030	-0,975765	-0,175229
830	-0,351030	-0,975698	-0,187164
831	-0,351030	-0,975627	-0,198481
832	-0,351030	-0,975554	-0,282119
833	-0,351030	-0,975478	-0,229986
834	-0,351030	-0,975401	-0,171252
835	-0,351030	-0,975321	-0,162025
836	-0,351030	-0,975240	-0,119573
837	-0,351030	-0,975158	-0,192845
838	-0,351030	-0,975074	-0,207832
839	-0,351030	-0,974989	-0,123958
840	-0,351030	-0,974903	-0,207492
841	-0,351030	-0,974816	-0,231664
842	-0,351030	-0,974728	-0,169052
843	-0,351030	-0,974639	-0,098995
844	-0,351030	-0,974550	-0,193702
845	-0,351030	-0,974460	-0,146562
846	-0,351030	-0,974370	-0,202373
847	-0,351030	-0,974279	-0,163420
848	-0,351030	-0,974188	-0,132758
849	-0,351030	-0,974096	-0,182270
850	-0,351030	-0,974004	-0,163304
851	-0,351030	-0,973912	-0,247897
852	-0,351030	-0,973819	-0,149323
853	-0,351030	-0,973727	-0,141382
854	-0,351030	-0,973634	-0,109289
855	-0,351030	-0,973540	-0,134734
856	-0,351030	-0,973484	-0,171480
857	-0,351030	-0,973460	-0,149763
858	-0,351030	-0,973466	-0,100077
859	-0,351030	-0,973497	-0,273782
860	-0,351030	-0,973552	-0,151544
861	-0,351030	-0,973626	-0,170422
862	-0,351030	-0,973719	-0,167619
863	-0,351030	-0,973829	-0,309531
864	-0,351030	-0,973952	-0,145665
865	-0,351030	-0,974088	-0,185444
866	-0,351030	-0,974236	-0,172899
867	-0,351030	-0,974393	-0,178451
868	-0,351030	-0,974560	-0,180247
869	-0,351030	-0,974734	-0,127315
870	-0,351030	-0,974916	-0,104348
871	-0,351030	-0,975067	-0,289862
872	-0,351030	-0,975190	-0,261884
873	-0,351030	-0,975289	-0,178554
874	-0,351030	-0,975367	-0,161964
875	-0,351030	-0,975425	-0,121139
876	-0,351030	-0,975466	-0,211527
877	-0,351030	-0,975492	-0,214913
878	-0,351030	-0,975505	-0,160730
879	-0,351030	-0,975505	-0,186819
880	-0,351030	-0,975495	-0,119267
881	-0,351030	-0,975476	-0,281588
882	-0,351030	-0,975447	-0,125748
883	-0,351030	-0,975412	-0,192600
884	-0,351030	-0,975370	-0,197225
885	-0,351030	-0,975321	-0,134816
886	-0,351030	-0,975268	-0,178309
887	-0,351030	-0,975210	-0,154248
888	-0,351030	-0,975147	-0,117966
889	-0,351030	-0,975081	-0,143582
890	-0,351030	-0,975012	-0,143059
891	-0,351030	-0,974939	-0,223338
892	-0,351030	-0,974864	-0,175005
893	-0,351030	-0,974787	-0,127117
894	-0,351030	-0,974708	-0,192509
895	-0,351030	-0,974626	-0,248786
896	-0,351030	-0,974543	-0,260151
897	-0,351030	-0,974459	-0,242296
898	-0,351030	-0,974373	-0,147334
899	-0,351030	-0,974287	-0,171281
900	-0,351030	-0,974199	-0,175471
901	-0,351030	-0,974110	-0,196204
902	-0,351030	-0,974020	-0,261814
903	-0,351030	-0,973930	-0,134417
904	-0,351030	-0,973839	-0,186658
905	-0,351030	-0,973747	-0,117342
906	-0,351030	-0,973655	-0,120886
907	-0,351030	-0,973563	-0,107752
908	-0,351030	-0,973470	-0,171962
909	-0,351030	-0,973376	-0,139353
910	-0,351030	-0,973283	-0,124738
911	-0,351030	-0,973188	-0,142742
912	-0,351030	-0,973094	-0,171402
913	-0,351030	-0,973000	-0,128124
914	-0,351030	-0,972905	-0,195334
915	-0,351030	-0,972810	-0,136893
916	-0,351030	-0,972715	-0,155450
917	-0,351030	-0,972619	-0,182963
918	-0,351030	-0,972524	-0,156078
919	-0,351030	-0,972428	-0,100154
920	-0,351030	-0,972332	-0,171576
921	-0,351030	-0,972236	-0,132652
922	-0,351030	-0,972140	-0,140176
923	-0,351030	-0,972044	-0,234205
924	-0,351030	-0,971948	-0,198253
925	-0,351030	-0,971852	-0,115851
926	-0,351030	-0,971756	-0,112911
927	-0,351030	-0,971659	-0,104327
928	-0,351030	-0,971563	-0,124833
929	-0,351030	-0,971466	-0,127097
930	-0,351030	-0,971370	-0,147679
931	-0,351030	-0,971273	-0,142701
932	-0,351030	-0,971176	-0,215019
933	-0,351030	-0,971080	-0,103645
934	-0,351030	-0,970983	-0,290145
935	-0,351030	-0,970886	-0,124809
936	-0,351030	-0,970789	-0,150185
937	-0,351030	-0,970692	-0,137136
938	-0,351030	-0,970595	-0,158380
939	-0,351030	-0,970498	-0,160099
940	-0,351030	-0,970401	-0,198853
941	-0,351030	-0,970304	-0,158897
942	-0,351030	-0,970207	-0,223994
943	-0,351030	-0,970110	-0,202862
944	-0,351030	-0,970013	-0,186332
945	-0,351030	-0,969916	-0,103229
946	-0,351030	-0,969818	-0,201035
947	-0,351030	-0,969721	-0,109861
948	-0,351030	-0,969624	-0,127217
949	-0,351030	-0,969527	-0,317892
950	-0,351030	-0,969429	-0,254951
951	-0,351030	-0,969332	-0,174334
952	-0,351030	-0,969234	-0,128793
953	-0,351030	-0,969137	-0,130478
954	-0,351030	-0,969039	-0,128931
955	-0,351030	-0,968942	-0,224682
956	-0,351030	-0,968844	-0,220981
957	-0,351030	-0,968747	-0,160977
958	-0,351030	-0,968649	-0,183517
959	-0,351030	-0,968552	-0,198985
960	-0,351030	-0,968454	-0,105386
961	-0,351030	-0,968356	-0,094483
962	-0,351030	-0,968258	-0,107838
963	-0,351030	-0,968161	-0,151128
964	-0,351030	-0,968063	-0,123722
965	-0,351030	-0,967965	-0,150414
966	-0,351030	-0,967867	-0,234639
967	-0,351030	-0,967769	-0,169485
968	-0,351030	-0,967672	-0,129109
969	-0,351030	-0,967574	-0,102264
970	-0,351030	-0,967476	-0,095157
971	-0,351030	-0,967378	-0,109774
972	-0,351030	-0,967280	-0,239272
973	-0,351030	-0,967182	-0,112509
974	-0,351030	-0,967084	-0,092525
975	-0,351030	-0,966985	-0,218213
976	-0,351030	-0,966887	-0,129047
977	-0,351030	-0,966789	-0,135414
978	-0,351030	-0,966691	-0,162625
979	-0,351030	-0,966593	-0,138608
980	-0,351030	-0,966495	-0,139527
981	-0,351030	-0,966396	-0,155838
982	-0,351030	-0,966298	-0,131263
983	-0,351030	-0,966200	-0,199235
984	-0,351030	-0,966101	-0,134254
985	-0,351030	-0,966003	-0,111648
986	-0,351030	-0,965905	-0,192455
987	-0,351030	-0,965806	-0,149373
988	-0,351030	-0,965708	-0,104324
989	-0,351030	-0,965609	-0,177635
990	-0,351030	-0,965511	-0,205214
991	-0,351030	-0,965412	-0,122092
992	-0,351030	-0,965314	-0,137030
993	-0,351030	-0,965215	-0,184762
994	-0,351030	-0,965116	-0,139026
995	-0,351030	-0,965018	-0,131175
996	-0,351030	-0,964919	-0,145496
997	-0,351030	-0,964820	-0,199594
998	-0,351030	-0,964722	-0,102040
999	-0,351030	-0,964623	-0,114109
1000	-0,351030	-0,964524	-0,182602
1001	-0,351030	-0,964425	-0,184355
1002	-0,351030	-0,964326	-0,176496
1003	-0,351030	-0,964227	-0,136677
1004	-0,351030	-0,964129	-0,099659
1005	-0,351030	-0,964030	-0,122123
1006	-0,351030	-0,963931	-0,171865
1007	-0,351030	-0,963832	-0,194848
1008	-0,351030	-0,963733	-0,173789
1009	-0,351030	-0,963634	-0,128810
1010	-0,351030	-0,963535	-0,201291
1011	-0,351030	-0,963435	-0,196154
1012	-0,351030	-0,963336	-0,166073
1013	-0,351030	-0,963237	-0,096734
1014	-0,351030	-0,963138	-0,111914
1015	-0,351030	-0,963039	-0,125885
1016	-0,351030	-0,962940	-0,152745
1017	-0,351030	-0,962840	-0,127342
1018	-0,351030	-0,962741	-0,210213
1019	-0,351030	-0,962642	-0,174664
1020	-0,351030	-0,962542	-0,186098
1021	-0,351030	-0,962443	-0,092044
1022	-0,351030	-0,962344	-0,127895
1023	-0,351030	-0,962244	-0,144156
1024	-0,351030	-0,962145	-0,132442
1025	-0,351030	-0,962045	-0,184245
1026	-0,351030	-0,961946	-0,223932
1027	-0,351030	-0,961846	-0,197909
1028	-0,351030	-0,961747	-0,169918
1029	-0,351030	-0,961647	-0,151807
1030	-0,351030	-0,961547	-0,178327
1031	-0,351030	-0,961448	-0,312647
1032	-0,351030	-0,961348	-0,113187
1033	-0,351030	-0,961248	-0,173723
1034	-0,351030	-0,961149	-0,127262
1035	-0,351030	-0,961049	-0,240268
1036	-0,351030	-0,960949	-0,191187
1037	-0,351030	-0,960849	-0,162609
1038	-0,351030	-0,960750	-0,114773
1039	-0,351030	-0,960650	-0,256498
1040	-0,351030	-0,960550	-0,117477
1041	-0,351030	-0,960450	-0,101399
1042	-0,351030	-0,960350	-0,288418
1043	-0,351030	-0,960250	-0,174464
1044	-0,351030	-0,960150	-0,192788
1045	-0,351030	-0,960050	-0,177862
1046	-0,351030	-0,959950	-0,176372
1047	-0,351030	-0,959850	-0,238969
1048	-0,351030	-0,959750	-0,249103
1049	-0,351030	-0,959650	-0,279182
1050	-0,351030	-0,959550	-0,170967
1051	-0,351030	-0,959449	-0,124406
1052	-0,351030	-0,959349	-0,176820
1053	-0,351030	-0,959249	-0,112774
1054	-0,351030	-0,959149	-0,180197
1055	-0,351030	-0,959048	-0,188803
1056	-0,351030	-0,958948	-0,154258
1057	-0,351030	-0,958848	-0,202979
1058	-0,351030	-0,958747	-0,180196
1059	-0,351030	-0,958647	-0,176733
1060	-0,351030	-0,958546	-0,211113
1061	-0,351030	-0,958446	-0,217226
1062	-0,351030	-0,958346	-0,206085
1063	-0,351030	-0,958245	-0,194397
1064	-0,351030	-0,958145	-0,105668
1065	-0,351030	-0,958044	-0,149427
1066	-0,351030	-0,957943	-0,139814
1067	-0,351030	-0,957843	-0,119741
1068	-0,351030	-0,957742	-0,203697
1069	-0,351030	-0,957641	-0,156066
1070	-0,351030	-0,957541	-0,123196
1071	-0,351030	-0,957440	-0,326052
1072	-0,351030	-0,957339	-0,154131
1073	-0,351030	-0,957239	-0,190826
1074	-0,351030	-0,957138	-0,130193
1075	-0,351030	-0,957037	-0,150393
1076	-0,351030	-0,956936	-0,218376
1077	-0,351030	-0,956835	-0,160546
1078	-0,351030	-0,956734	-0,150457
1079	-0,351030	-0,956633	-0,164921
1080	-0,351030	-0,956532	-0,195847
1081	-0,351030	-0,956431	-0,130999
1082	-0,351030	-0,956330	-0,204501
1083	-0,351030	-0,956229	-0,119663
1084	-0,351030	-0,956128	-0,167681
1085	-0,351030	-0,956027	-0,177616
1086	-0,351030	-0,955926	-0,208700
1087	-0,351030	-0,955825	-0,137962
1088	-0,351030	-0,955724	-0,193179
1089	-0,351030	-0,955623	-0,261464
1090	-0,351030	-0,955522	-0,139708
1091	-0,351030	-0,955420	-0,163075
1092	-0,351030	-0,955319	-0,125823
1093	-0,351030	-0,955218	-0,148743
1094	-0,351030	-0,955116	-0,206131
1095	-0,351030	-0,955015	-0,185624
1096	-0,351030	-0,954914	-0,129906
1097	-0,351030	-0,954812	-0,210765
1098	-0,351030	-0,954711	-0,097249
1099	-0,351030	-0,954609	-0,116562
1100	-0,351030	-0,954508	-0,205600
1101	-0,351030	-0,954406	-0,236652
1102	-0,351030	-0,954305	-0,169469
1103	-0,351030	-0,954203	-0,275608
1104	-0,351030	-0,954102	-0,272046
1105	-0,351030	-0,954000	-0,217659
1106	-0,351030	-0,953899	-0,105116
1107	-0,351030	-0,953797	-0,232060
1108	-0,351030	-0,953695	-0,157928
1109	-0,351030	-0,953593	-0,122372
1110	-0,351030	-0,953492	-0,167814
1111	-0,351030	-0,953390	-0,137344
1112	-0,351030	-0,953288	-0,110647
1113	-0,351030	-0,953186	-0,167876
1114	-0,351030	-0,953085	-0,123087
1115	-0,351030	-0,952983	-0,185745
1116	-0,351030	-0,952881	-0,106066
1117	-0,351030	-0,952779	-0,128850
1118	-0,351030	-0,952677	-0,245824
1119	-0,351030	-0,952575	-0,210573
1120	-0,351030	-0,952473	-0,188197
1121	-0,351030	-0,952371	-0,096756
1122	-0,351030	-0,952269	-0,149407
1123	-0,351030	-0,952167	-0,171017
1124	-0,351030	-0,952065	-0,159277
1125	-0,351030	-0,951963	-0,129163
1126	-0,351030	-0,951860	-0,265111
1127	-0,351030	-0,951758	-0,106828
1128	-0,351030	-0,951656	-0,089858
1129	-0,351030	-0,951554	-0,101108
1130	-0,351030	-0,951452	-0,275355
1131	-0,351030	-0,951349	-0,142687
1132	-0,351030	-0,951247	-0,099394
1133	-0,351030	-0,951145	-0,180263
1134	-0,351030	-0,951042	-0,239004
1135	-0,351030	-0,950940	-0,161118
1136	-0,351030	-0,950838	-0,142183
1137	-0,351030	-0,950735	-0,212635
1138	-0,351030	-0,950633	-0,114396
1139	-0,351030	-0,950530	-0,101393
1140	-0,351030	-0,950428	-0,164371
1141	-0,351030	-0,950325	-0,169884
1142	-0,351030	-0,950223	-0,102215
1143	-0,351030	-0,950120	-0,194505
1144	-0,351030	-0,950017	-0,151280
1145	-0,351030	-0,949915	-0,166693
1146	-0,351030	-0,949812	-0,273674
1147	-0,351030	-0,949709	-0,169765
1148	-0,351030	-0,949607	-0,222624
1149	-0,351030	-0,949504	-0,181429
1150	-0,351030	-0,949401	-0,158160
1151	-0,351030	-0,949299	-0,110863
1152	-0,351030	-0,949196	-0,101703
1153	-0,351030	-0,949093	-0,104538
1154	-0,351030	-0,948990	-0,113337
1155	-0,351030	-0,948887	-0,181256
1156	-0,351030	-0,948784	-0,106415
1157	-0,351030	-0,948681	-0,103227
1158	-0,351030	-0,948578	-0,193782
1159	-0,351030	-0,948475	-0,221874
1160	-0,351030	-0,948372	-0,144473
1161	-0,351030	-0,948269	-0,138953
1162	-0,351030	-0,948166	-0,093650
1163	-0,351030	-0,948063	-0,109541
1164	-0,351030	-0,947960	-0,110445
1165	-0,351030	-0,947857	-0,232656
1166	-0,351030	-0,947754	-0,162668
1167	-0,351030	-0,947651	-0,169971
1168	-0,351030	-0,947547	-0,188550
1169	-0,351030	-0,947444	-0,185247
1170	-0,351030	-0,947341	-0,124206
1171	-0,351030	-0,947238	-0,155126
1172	-0,351030	-0,947134	-0,137473
1173	-0,351030	-0,947031	-0,197197
1174	-0,351030	-0,946928	-0,231539
1175	-0,351030	-0,946824	-0,228962
1176	-0,351030	-0,946721	-0,174964
1177	-0,351030	-0,946617	-0,092436
1178	-0,351030	-0,946514	-0,116726
1179	-0,351030	-0,946410	-0,143522
1180	-0,351030	-0,946307	-0,160030
1181	-0,351030	-0,946203	-0,167156
1182	-0,351030	-0,946100	-0,140919
1183	-0,351030	-0,945996	-0,109326
1184	-0,351030	-0,945893	-0,164234
1185	-0,351030	-0,945789	-0,111421
1186	-0,351030	-0,945685	-0,164911
1187	-0,351030	-0,945582	-0,135194
1188	-0,351030	-0,945478	-0,114100
1189	-0,351030	-0,945374	-0,154893
1190	-0,351030	-0,945271	-0,180021
1191	-0,351030	-0,945167	-0,190984
1192	-0,351030	-0,945063	-0,210311
1193	-0,351030	-0,944959	-0,127879
1194	-0,351030	-0,944855	-0,338333
1195	-0,351030	-0,944751	-0,194776
1196	-0,351030	-0,944648	-0,192592
1197	-0,351030	-0,944544	-0,146402
1198	-0,351030	-0,944440	-0,116212
1199	-0,351030	-0,944336	-0,254721
1200	-0,351030	-0,944232	-0,130765
1201	-0,351030	-0,944128	-0,143446
1202	-0,351030	-0,944024	-0,177170
1203	-0,351030	-0,943920	-0,116287
1204	-0,351030	-0,943815	-0,248586
1205	-0,351030	-0,943711	-0,193682
1206	-0,351030	-0,943607	-0,138218
1207	-0,351030	-0,943503	-0,167427
1208	-0,351030	-0,943399	-0,214367
1209	-0,351030	-0,943295	-0,171288
1210	-0,351030	-0,943190	-0,186847
1211	-0,351030	-0,943086	-0,296599
1212	-0,351030	-0,942982	-0,158059
1213	-0,351030	-0,942878	-0,119294
1214	-0,351030	-0,942773	-0,107980
1215	-0,351030	-0,942669	-0,106671
1216	-0,351030	-0,942564	-0,157735
1217	-0,351030	-0,942460	-0,142780
1218	-0,351030	-0,942356	-0,167428
1219	-0,351030	-0,942251	-0,103551
1220	-0,351030	-0,942147	-0,112242
1221	-0,351030	-0,942042	-0,127766
1222	-0,351030	-0,941938	-0,162047
1223	-0,351030	-0,941833	-0,115951
1224	-0,351030	-0,941728	-0,144324
1225	-0,351030	-0,941624	-0,188356
1226	-0,351030	-0,941519	-0,218144
1227	-0,351030	-0,941415	-0,098515
1228	-0,351030	-0,941310	-0,093594
1229	-0,351030	-0,941205	-0,276789
1230	-0,351030	-0,941101	-0,127236
1231	-0,351030	-0,940996	-0,142980
1232	-0,351030	-0,940891	-0,185536
1233	-0,351030	-0,940786	-0,147952
1234	-0,351030	-0,940681	-0,136032
1235	-0,351030	-0,940577	-0,091520
1236	-0,351030	-0,940472	-0,104425
1237	-0,351030	-0,940367	-0,125925
1238	-0,351030	-0,940262	-0,158672
1239	-0,351030	-0,940157	-0,150395
1240	-0,351030	-0,940052	-0,180961
1241	-0,351030	-0,939947	-0,133832
1242	-0,351030	-0,939842	-0,125966
1243	-0,351030	-0,939737	-0,116339
1244	-0,351030	-0,939632	-0,094499
1245	-0,351030	-0,939527	-0,130180
1246	-0,351030	-0,939422	-0,163990
1247	-0,351030	-0,939317	-0,119333
1248	-0,351030	-0,939211	-0,207416
1249	-0,351030	-0,939106	-0,162755
1250	-0,351030	-0,939001	-0,110152
1251	-0,351030	-0,938896	-0,225594
1252	-0,351030	-0,938791	-0,108842
1253	-0,351030	-0,938685	-0,267000
1254	-0,351030	-0,938580	-0,141183
1255	-0,351030	-0,938475	-0,214867
1256	-0,351030	-0,938369	-0,210667
1257	-0,351030	-0,938264	-0,173042
1258	-0,351030	-0,938159	-0,133735
1259	-0,351030	-0,938053	-0,140354
1260	-0,351030	-0,937948	-0,139859
1261	-0,351030	-0,937879	-0,218756
1262	-0,351030	-0,937844	-0,154478
1263	-0,351030	-0,937838	-0,130567
1264	-0,351030	-0,937857	-0,215634
1265	-0,351030	-0,937900	-0,163132
1266	-0,351030	-0,937963	-0,248996
1267	-0,351030	-0,938045	-0,178240
1268	-0,351030	-0,938143	-0,122034
1269	-0,351030	-0,938255	-0,147432
1270	-0,351030	-0,938380	-0,249639
1271	-0,351030	-0,938516	-0,216944
1272	-0,351030	-0,938663	-0,111655
1273	-0,351030	-0,938818	-0,208555
1274	-0,351030	-0,938982	-0,212492
1275	-0,351030	-0,939152	-0,154985
1276	-0,351030	-0,939292	-0,273240
1277	-0,351030	-0,939405	-0,260773
1278	-0,351030	-0,939493	-0,198504
1279	-0,351030	-0,939560	-0,255500
1280	-0,351030	-0,939607	-0,200395
1281	-0,351030	-0,939638	-0,278095
1282	-0,351030	-0,939653	-0,127922
1283	-0,351030	-0,939655	-0,105110
1284	-0,351030	-0,939644	-0,191664
1285	-0,351030	-0,939623	-0,200157
1286	-0,351030	-0,939593	-0,136669
1287	-0,351030	-0,939554	-0,273947
1288	-0,351030	-0,939508	-0,158764
1289	-0,351030	-0,939455	-0,304462
1290	-0,351030	-0,939396	-0,146977
1291	-0,351030	-0,939332	-0,136040
1292	-0,351030	-0,939263	-0,202060
1293	-0,351030	-0,939190	-0,111778
1294	-0,351030	-0,939113	-0,192926
1295	-0,351030	-0,939033	-0,200238
1296	-0,351030	-0,938950	-0,145017
1297	-0,351030	-0,938865	-0,161139
1298	-0,351030	-0,938777	-0,278363
1299	-0,351030	-0,938687	-0,251521
1300	-0,351030	-0,938595	-0,183858
1301	-0,351030	-0,938502	-0,149428
1302	-0,351030	-0,938407	-0,144755
1303	-0,351030	-0,938310	-0,181188
1304	-0,351030	-0,938213	-0,147163
1305	-0,351030	-0,938115	-0,215146
1306	-0,351030	-0,938052	-0,121009
1307	-0,351030	-0,938022	-0,203521
1308	-0,351030	-0,938021	-0,202914
1309	-0,351030	-0,938044	-0,118942
1310	-0,351030	-0,938090	-0,132235
1311	-0,351030	-0,938157	-0,139483
1312	-0,351030	-0,938241	-0,111475
1313	-0,351030	-0,938341	-0,126348
1314	-0,351030	-0,938455	-0,338641
1315	-0,351030	-0,938581	-0,191556
1316	-0,351030	-0,938719	-0,255248
1317	-0,351030	-0,938866	-0,187571
1318	-0,351030	-0,939022	-0,216502
1319	-0,351030	-0,939186	-0,121394
1320	-0,351030	-0,939357	-0,161052
1321	-0,351030	-0,939497	-0,180420
1322	-0,351030	-0,939610	-0,155703
1323	-0,351030	-0,939698	-0,172944
1324	-0,351030	-0,939765	-0,104991
1325	-0,351030	-0,939812	-0,155221
1326	-0,351030	-0,939842	-0,194479
1327	-0,351030	-0,939857	-0,174832
1328	-0,351030	-0,939858	-0,098471
1329	-0,351030	-0,939847	-0,147995
1330	-0,351030	-0,939826	-0,213152
1331	-0,351030	-0,939795	-0,232981
1332	-0,351030	-0,939755	-0,099394
1333	-0,351030	-0,939708	-0,145344
1334	-0,351030	-0,939654	-0,197008
1335	-0,351030	-0,939595	-0,202288
1336	-0,351030	-0,939530	-0,125253
1337	-0,351030	-0,939460	-0,109174
1338	-0,351030	-0,939386	-0,137084
1339	-0,351030	-0,939309	-0,110897
1340	-0,351030	-0,939228	-0,340349
1341	-0,351030	-0,939144	-0,183797
1342	-0,351030	-0,939057	-0,290715
1343	-0,351030	-0,938968	-0,174113
1344	-0,351030	-0,938877	-0,155633
1345	-0,351030	-0,938785	-0,173625
1346	-0,351030	-0,938690	-0,198080
1347	-0,351030	-0,938594	-0,238736
1348	-0,351030	-0,938497	-0,189594
1349	-0,351030	-0,938399	-0,236961
1350	-0,351030	-0,938300	-0,142181
1351	-0,351030	-0,938236	-0,186020
1352	-0,351030	-0,938205	-0,137667
1353	-0,351030	-0,938203	-0,107360
1354	-0,351030	-0,938225	-0,262287
1355	-0,351030	-0,938270	-0,143748
1356	-0,351030	-0,938336	-0,145645
1357	-0,351030	-0,938419	-0,233035
1358	-0,351030	-0,938518	-0,194255
1359	-0,351030	-0,938631	-0,178230
1360	-0,351030	-0,938756	-0,201580
1361	-0,351030	-0,938893	-0,165196
1362	-0,351030	-0,939039	-0,126090
1363	-0,351030	-0,939195	-0,135901
1364	-0,351030	-0,939358	-0,182656
1365	-0,351030	-0,939527	-0,228317
1366	-0,351030	-0,939667	-0,161705
1367	-0,351030	-0,939778	-0,284708
1368	-0,351030	-0,939865	-0,223948
1369	-0,351030	-0,939931	-0,134139
1370	-0,351030	-0,939977	-0,096171
1371	-0,351030	-0,940006	-0,211070
1372	-0,351030	-0,940020	-0,115843
1373	-0,351030	-0,940020	-0,109892
1374	-0,351030	-0,940008	-0,134663
1375	-0,351030	-0,939986	-0,158390
1376	-0,351030	-0,939954	-0,214135
1377	-0,351030	-0,939913	-0,199809
1378	-0,351030	-0,939865	-0,142281
1379	-0,351030	-0,939811	-0,096507
1380	-0,351030	-0,939750	-0,145129
1381	-0,351030	-0,939684	-0,260043
1382	-0,351030	-0,939613	-0,160451
1383	-0,351030	-0,939538	-0,169137
1384	-0,351030	-0,939460	-0,112054
1385	-0,351030	-0,939378	-0,193687
1386	-0,351030	-0,939293	-0,114717
1387	-0,351030	-0,939206	-0,131786
1388	-0,351030	-0,939116	-0,224483
1389	-0,351030	-0,939024	-0,168858
1390	-0,351030	-0,938930	-0,174838
1391	-0,351030	-0,938835	-0,214848
1392	-0,351030	-0,938738	-0,130918
1393	-0,351030	-0,938640	-0,163476
1394	-0,351030	-0,938540	-0,197949
1395	-0,351030	-0,938440	-0,187229
1396	-0,351030	-0,938376	-0,100456
1397	-0,351030	-0,938344	-0,131601
1398	-0,351030	-0,938340	-0,209228
1399	-0,351030	-0,938362	-0,098540
1400	-0,351030	-0,938406	-0,117328
1401	-0,351030	-0,938470	-0,177882
1402	-0,351030	-0,938552	-0,184340
1403	-0,351030	-0,938650	-0,216229
1404	-0,351030	-0,938762	-0,138583
1405	-0,351030	-0,938887	-0,319033
1406	-0,351030	-0,939023	-0,137237
1407	-0,351030	-0,939168	-0,101400
1408	-0,351030	-0,939322	-0,100501
1409	-0,351030	-0,939484	-0,115935
1410	-0,351030	-0,939653	-0,117838
1411	-0,351030	-0,939791	-0,139426
1412	-0,351030	-0,939902	-0,238721
1413	-0,351030	-0,939988	-0,263680
1414	-0,351030	-0,940053	-0,110271
1415	-0,351030	-0,940098	-0,192283
1416	-0,351030	-0,940126	-0,167925
1417	-0,351030	-0,940139	-0,278533
1418	-0,351030	-0,940138	-0,238211
1419	-0,351030	-0,940125	-0,187846
1420	-0,351030	-0,940102	-0,232908
1421	-0,351030	-0,940069	-0,179727
1422	-0,351030	-0,940028	-0,093897
1423	-0,351030	-0,939979	-0,145854
1424	-0,351030	-0,939923	-0,216629
1425	-0,351030	-0,939861	-0,110422
1426	-0,351030	-0,939794	-0,247089
1427	-0,351030	-0,939723	-0,263490
1428	-0,351030	-0,939647	-0,119706
1429	-0,351030	-0,939567	-0,164538
1430	-0,351030	-0,939484	-0,111082
1431	-0,351030	-0,939399	-0,106454
1432	-0,351030	-0,939310	-0,237537
1433	-0,351030	-0,939219	-0,183429
1434	-0,351030	-0,939126	-0,107000
1435	-0,351030	-0,939032	-0,101455
1436	-0,351030	-0,938935	-0,117177
1437	-0,351030	-0,938838	-0,262986
1438	-0,351030	-0,938738	-0,265443
1439	-0,351030	-0,938638	-0,162366
1440	-0,351030	-0,938537	-0,124734
1441	-0,351030	-0,938472	-0,144405
1442	-0,351030	-0,938439	-0,208263
1443	-0,351030	-0,938434	-0,127827
1444	-0,351030	-0,938455	-0,200158
1445	-0,351030	-0,938498	-0,212475
1446	-0,351030	-0,938562	-0,122728
1447	-0,351030	-0,938643	-0,222139
1448	-0,351030	-0,938740	-0,100865
1449	-0,351030	-0,938851	-0,154010
1450	-0,351030	-0,938974	-0,238062
1451	-0,351030	-0,939109	-0,218254
1452	-0,351030	-0,939254	-0,136057
1453	-0,351030	-0,939407	-0,235370
1454	-0,351030	-0,939568	-0,135241
1455	-0,351030	-0,939736	-0,250697
1456	-0,351030	-0,939873	-0,186596
1457	-0,351030	-0,939983	-0,160512
1458	-0,351030	-0,940068	-0,119808
1459	-0,351030	-0,940132	-0,190559
1460	-0,351030	-0,940176	-0,093318
1461	-0,351030	-0,940203	-0,109201
1462	-0,351030	-0,940215	-0,124118
1463	-0,351030	-0,940213	-0,129599
1464	-0,351030	-0,940200	-0,136066
1465	-0,351030	-0,940175	-0,164874
1466	-0,351030	-0,940141	-0,199209
1467	-0,351030	-0,940099	-0,184888
1468	-0,351030	-0,940049	-0,138978
1469	-0,351030	-0,939992	-0,165429
1470	-0,351030	-0,939930	-0,156767
1471	-0,351030	-0,939862	-0,118513
1472	-0,351030	-0,939789	-0,092859
1473	-0,351030	-0,939713	-0,162663
1474	-0,351030	-0,939632	-0,149581
1475	-0,351030	-0,939548	-0,104436
1476	-0,351030	-0,939462	-0,098021
1477	-0,351030	-0,939372	-0,119737
1478	-0,351030	-0,939280	-0,120321
1479	-0,351030	-0,939187	-0,105530
1480	-0,351030	-0,939091	-0,178762
1481	-0,351030	-0,938994	-0,196251
1482	-0,351030	-0,938895	-0,167230
1483	-0,351030	-0,938795	-0,214823
1484	-0,351030	-0,938694	-0,196664
1485	-0,351030	-0,938592	-0,336989
1486	-0,351030	-0,938525	-0,120831
1487	-0,351030	-0,938491	-0,091346
1488	-0,351030	-0,938486	-0,170324
1489	-0,351030	-0,938506	-0,305784
1490	-0,351030	-0,938548	-0,182948
1491	-0,351030	-0,938611	-0,189507
1492	-0,351030	-0,938691	-0,231126
1493	-0,351030	-0,938787	-0,147694
1494	-0,351030	-0,938897	-0,147750
1495	-0,351030	-0,939020	-0,149677
1496	-0,351030	-0,939154	-0,190805
1497	-0,351030	-0,939297	-0,112772
1498	-0,351030	-0,939450	-0,223817
1499	-0,351030	-0,939610	-0,151321
1500	-0,351030	-0,939610	-0,131047
1501	-0,351030	-0,939610	-0,137806
1502	-0,351030	-0,939610	-0,160613
1503	-0,351030	-0,939610	-0,163317
1504	-0,351030	-0,939610	-0,137377
1505	-0,351030	-0,939610	-0,140294
1506	-0,351030	-0,939610	-0,160342
1507	-0,351030	-0,939610	-0,136336
1508	-0,351030	-0,939610	-0,160493
1509	-0,351030	-0,939610	-0,117288
1510	-0,351030	-0,939610	-0,118351
1511	-0,351030	-0,939610	-0,170722
1512	-0,351030	-0,939610	-0,149676
1513	-0,351030	-0,939610	-0,157394
1514	-0,351030	-0,939610	-0,129519
1515	-0,351030	-0,939610	-0,168300
1516	-0,351030	-0,939610	-0,130605
1517	-0,351030	-0,939610	-0,137521
1518	-0,351030	-0,939610	-0,143235
1519	-0,351030	-0,939610	-0,157389
1520	-0,351030	-0,939610	-0,134706
1521	-0,351030	-0,939610	-0,166079
1522	-0,351030	-0,939610	-0,151539
1523	-0,351030	-0,939610	-0,134952
1524	-0,351030	-0,939610	-0,174311
1525	-0,351030	-0,939610	-0,162264
1526	-0,351030	-0,939610	-0,129729
1527	-0,351030	-0,939610	-0,181299
1528	-0,351030	-0,939610	-0,140202
1529	-0,351030	-0,939610	-0,172842
1530	-0,351030	-0,939610	-0,130360
1531	-0,351030	-0,939610	-0,158089
1532	-0,351030	-0,939610	-0,152081
1533	-0,351030	-0,939610	-0,159182
1534	-0,351030	-0,939610	-0,164750
1535	-0,351030	-0,939610	-0,153022
1536	-0,351030	-0,939610	-0,162052
1537	-0,351030	-0,939610	-0,183351
1538	-0,351030	-0,939610	-0,156772
1539	-0,351030	-0,939610	-0,159687
1540	-0,351030	-0,939610	-0,154449
1541	-0,351030	-0,939610	-0,125375
1542	-0,351030	-0,939610	-0,124042
1543	-0,351030	-0,939610	-0,173557
1544	-0,351030	-0,939610	-0,126119
1545	-0,351030	-0,939610	-0,149873
1546	-0,351030	-0,939610	-0,150583
1547	-0,351030	-0,939610	-0,166604
1548	-0,351030	-0,939610	-0,169947
1549	-0,351030	-0,939610	-0,156172
1550	-0,351030	-0,939610	-0,146534
1551	-0,351030	-0,939610	-0,142754
1552	-0,351030	-0,939610	-0,157973
1553	-0,351030	-0,939610	-0,145004
1554	-0,351030	-0,939610	-0,157331
1555	-0,351030	-0,939610	-0,105630
1556	-0,351030	-0,939610	-0,125216
1557	-0,351030	-0,939610	-0,160773
1558	-0,351030	-0,939610	-0,153221
1559	-0,351030	-0,939610	-0,133763
1560	-0,351030	-0,939610	-0,132049
1561	-0,351030	-0,939610	-0,163450
1562	-0,351030	-0,939610	-0,151729
1563	-0,351030	-0,939610	-0,151056
1564	-0,351030	-0,939610	-0,149668
1565	-0,351030	-0,939610	-0,131830
1566	-0,351030	-0,939610	-0,143453
1567	-0,351030	-0,939610	-0,169211
1568	-0,351030	-0,939610	-0,144986
1569	-0,351030	-0,939610	-0,156613
1570	-0,351030	-0,939610	-0,122169
1571	-0,351030	-0,939610	-0,191740
1572	-0,351030	-0,939610	-0,148362
1573	-0,351030	-0,939610	-0,161873
1574	-0,351030	-0,939610	-0,153604
1575	-0,351030	-0,939610	-0,166054
1576	-0,351030	-0,939610	-0,172087
1577	-0,351030	-0,939610	-0,166863
1578	-0,351030	-0,939610	-0,148384
1579	-0,351030	-0,939610	-0,143557
1580	-0,351030	-0,939610	-0,150521
1581	-0,351030	-0,939610	-0,135218
1582	-0,351030	-0,939610	-0,125685
1583	-0,351030	-0,939610	-0,144131
1584	-0,351030	-0,939610	-0,145869
1585	-0,351030	-0,939610	-0,193809
1586	-0,351030	-0,939610	-0,164538
1587	-0,351030	-0,939610	-0,177302
1588	-0,351030	-0,939610	-0,130818
1589	-0,351030	-0,939610	-0,159217
1590	-0,351030	-0,939610	-0,153133
1591	-0,351030	-0,939610	-0,135680
1592	-0,351030	-0,939610	-0,132780
1593	-0,351030	-0,939610	-0,163516
1594	-0,351030	-0,939610	-0,156381
1595	-0,351030	-0,939610	-0,139681
1596	-0,351030	-0,939610	-0,201122
1597	-0,351030	-0,939610	-0,165209
1598	-0,351030	-0,939610	-0,129012
1599	-0,351030	-0,939610	-0,161447
