G RSSsd
0,000000
0,000000
0,000000
0,000000
0,000000
0,000000
0,000000
0,000000
0,000000
0,000000
0,000000
0,000000
0,000000
0,000000
0,000000
0,000000
0,000000
0,000000
0,000000
0,000000
0,000000
0,000000
0,000000
0,000000
0,000000
0,000000
0,000000
0,000000
0,000000
0,000000
0,000000
0,000000
0,000000
0,000000
0,000000
0,000000
0,000000
0,000000
0,000000
0,000000
0,000000
0,000000
0,000000
0,000000
0,000000
0,000000
0,000000
0,000000
0,000000
0,000000
0,000000
0,000000
0,000000
0,000000
0,000000
0,000000
0,000000
0,000000
0,000000
0,000000
0,000000
0,000000
0,000000
0,000000
0,000000
0,000000
0,000000
0,000000
0,000000
0,000000
0,000000
0,000000
0,000000
0,000000
0,000000
0,000000
0,000000
0,000000
0,000000
0,000000
0,000000
0,000000
0,000000
0,000000
0,000000
0,000000
0,000000
0,000000
0,000000
0,000000
0,000000
0,000000
0,000000
0,000000
0,000000
0,000000
0,000000
-0,539969
-0,539969
-0,539969
-0,539969
-0,539969
-0,539969
-0,539969
-0,539969
-0,539969
-0,748328
-0,748328
-0,748328
-0,748328
-0,748328
-0,748328
-0,748328
-0,748328
-0,748328
-0,748328
-0,748328
-0,748328
-0,748328
-0,748328
-0,748328
-0,748328
-0,748328
-0,748328
-0,748328
-0,748328
-0,748328
-0,748328
-0,748328
-0,748328
-0,748328
-0,748328
-0,748328
-0,748328
-0,748328
-0,748328
-0,748328
-0,748328
-0,748328
-0,748328
-0,748328
-0,748328
-0,748328
-0,748328
-0,748328
-0,748328
-0,748328
-0,748328
-0,748328
-0,748328
-0,748328
-0,748328
-0,748328
-0,748328
-0,748328
-0,748328
-0,748328
-0,748328
-0,748328
-0,748328
G 5csd
0,000000
0,000000
0,000000
0,000000
0,000000
0,000000
0,000000
0,000000
0,000000
0,000000
0,000000
0,000000
0,000000
0,000000
0,000000
0,000000
0,000000
0,000000
0,000000
0,000000
0,000000
0,000000
0,000000
0,000000
0,000000
0,000000
0,000000
0,000000
0,000000
0,000000
0,000000
0,000000
0,000000
0,000000
0,000000
0,000000
0,000000
0,000000
0,000000
0,000000
0,000000
0,000000
0,000000
0,000000
0,000000
0,000000
0,000000
0,000000
0,000000
0,000000
0,000000
0,000000
0,000000
0,000000
0,000000
0,000000
0,000000
0,000000
0,000000
0,000000
0,000000
0,000000
0,000000
0,000000
0,000000
0,000000
0,000000
0,000000
0,000000
0,000000
0,000000
0,000000
0,000000
0,000000
0,000000
0,000000
0,000000
0,000000
0,000000
0,000000
0,000000
0,000000
0,000000
0,000000
0,000000
0,000000
0,000000
0,000000
0,000000
0,000000
0,000000
0,000000
0,000000
0,000000
0,000000
0,000000
0,000000
-0,028091
-0,084832
-0,141609
-0,198411
-0,255227
-0,312044
-0,368853
-0,425643
-0,482462
-0,539063
-0,595417
-0,651585
-0,707644
-0,763658
-0,763658
-0,763658
-0,763658
-0,763658
-0,763658
-0,763658
-0,763658
-0,763658
-0,763658
-0,763658
-0,763658
-0,763658
-0,763658
-0,763658
-0,763658
-0,763658
-0,763658
-0,763658
-0,763658
-0,763658
-0,763658
-0,763658
-0,763658
-0,763658
-0,763658
-0,763658
-0,763658
-0,763658
-0,763658
-0,763658
-0,763658
-0,763658
-0,763658
-0,763658
-0,763658
-0,763658
-0,763658
-0,763658
-0,763658
-0,763658
-0,763658
-0,763658
-0,763658
-0,763658
-0,763658
-0,763658
-1,000000
-1,000000
-1,000000
G (sg->nocrash)
0,000000
0,000000
0,000000
0,000000
0,000000
0,000000
0,000000
0,000000
0,000000
0,000000
0,000000
0,000000
0,000000
0,000000
0,000000
0,000000
0,000000
0,000000
0,000000
0,000000
0,000000
0,000000
0,000000
0,000000
0,000000
0,000000
0,000000
0,000000
0,000000
0,000000
0,000000
0,000000
0,000000
0,000000
0,000000
0,000000
0,000000
0,000000
0,000000
0,000000
0,000000
0,000000
0,000000
0,000000
0,000000
0,000000
0,000000
0,000000
0,000000
0,000000
0,000000
0,000000
0,000000
0,000000
0,000000
0,000000
0,000000
0,000000
0,000000
0,000000
0,000000
0,000000
0,000000
0,000000
0,000000
0,000000
0,000000
0,000000
0,000000
0,000000
0,000000
0,000000
0,000000
0,000000
0,000000
0,000000
0,000000
0,000000
0,000000
0,000000
0,000000
0,000000
0,000000
0,000000
0,000000
0,000000
0,000000
0,000000
0,000000
0,000000
0,000000
0,000000
0,000000
0,000000
0,000000
0,000000
0,000000
-0,028091
-0,084832
-0,141609
-0,198411
-0,255227
-0,312044
-0,368853
-0,425643
-0,482462
-0,539063
-0,595417
-0,651585
-0,707644
-0,763658
-0,763658
-0,763658
-0,763658
-0,763658
-0,763658
-0,763658
-0,763658
-0,763658
-0,763658
-0,763658
-0,763658
-0,763658
-0,763658
-0,763658
-0,763658
-0,763658
-0,763658
-0,763658
-0,763658
-0,763658
-0,763658
-0,763658
-0,763658
-0,763658
-0,763658
-0,763658
-0,763658
-0,763658
-0,763658
-0,763658
-0,763658
-0,763658
-0,763658
-0,763658
-0,763658
-0,763658
-0,763658
-0,763658
-0,763658
-0,763658
-0,763658
-0,763658
-0,763658
-0,763658
-0,763658
-0,763658
-0,763658
-0,763658
-0,763658
stepwise crash
-1,000000
-1,000000
-1,000000
-1,000000
-1,000000
-1,000000
-1,000000
-1,000000
-1,000000
-1,000000
-1,000000
-1,000000
-1,000000
-1,000000
-1,000000
-1,000000
-1,000000
-1,000000
-1,000000
-1,000000
-1,000000
-1,000000
-1,000000
-1,000000
-1,000000
-1,000000
-1,000000
-1,000000
-1,000000
-1,000000
-1,000000
-1,000000
-1,000000
-1,000000
-1,000000
-1,000000
-1,000000
-1,000000
-1,000000
-1,000000
-1,000000
-1,000000
-1,000000
-1,000000
-1,000000
-1,000000
-1,000000
-1,000000
-1,000000
-1,000000
-1,000000
-1,000000
-1,000000
-1,000000
-1,000000
-1,000000
-1,000000
-1,000000
-1,000000
-1,000000
-1,000000
-1,000000
-1,000000
-1,000000
-1,000000
-1,000000
-1,000000
-1,000000
-1,000000
-1,000000
-1,000000
-1,000000
-1,000000
-1,000000
-1,000000
-1,000000
-1,000000
-1,000000
-1,000000
-1,000000
-1,000000
-1,000000
-1,000000
-1,000000
-1,000000
-1,000000
-1,000000
-1,000000
-1,000000
-1,000000
-1,000000
-1,000000
-1,000000
-1,000000
-1,000000
-1,000000
-1,000000
-1,000000
-1,000000
-1,000000
-1,000000
-1,000000
-1,000000
-1,000000
-1,000000
-1,000000
-1,000000
-1,000000
-1,000000
-1,000000
-1,000000
-1,000000
-1,000000
-1,000000
-1,000000
-1,000000
-1,000000
-1,000000
-1,000000
-1,000000
-1,000000
-1,000000
-1,000000
-1,000000
-1,000000
-1,000000
-1,000000
-1,000000
-1,000000
-1,000000
-1,000000
-1,000000
-1,000000
-1,000000
-1,000000
-1,000000
-1,000000
-1,000000
-1,000000
-1,000000
-1,000000
-1,000000
-1,000000
-1,000000
-1,000000
-1,000000
-1,000000
-1,000000
-1,000000
-1,000000
-1,000000
-1,000000
-1,000000
-1,000000
-1,000000
-1,000000
-1,000000
0,000000
0,000000
0,000000
stepwise 5csd
0,000000
0,000000
0,000000
0,000000
0,000000
0,000000
0,000000
0,000000
0,000000
0,000000
0,000000
0,000000
0,000000
0,000000
0,000000
0,000000
0,000000
0,000000
0,000000
0,000000
0,000000
0,000000
0,000000
0,000000
0,000000
0,000000
0,000000
0,000000
0,000000
0,000000
0,000000
0,000000
0,000000
0,000000
0,000000
0,000000
0,000000
0,000000
0,000000
0,000000
0,000000
0,000000
0,000000
0,000000
0,000000
0,000000
0,000000
0,000000
0,000000
0,000000
0,000000
0,000000
0,000000
0,000000
0,000000
0,000000
0,000000
0,000000
0,000000
0,000000
0,000000
0,000000
0,000000
0,000000
0,000000
0,000000
0,000000
0,000000
0,000000
0,000000
0,000000
0,000000
0,000000
0,000000
0,000000
0,000000
0,000000
0,000000
0,000000
0,000000
0,000000
0,000000
0,000000
0,000000
0,000000
0,000000
0,000000
0,000000
0,000000
0,000000
0,000000
0,000000
0,000000
0,000000
0,000000
0,000000
0,000000
-0,028091
-0,084832
-0,141609
-0,198411
-0,255227
-0,312044
-0,368853
-0,425643
-0,482462
-0,539063
-0,595417
-0,651585
-0,707644
-0,763658
0,000000
0,000000
0,000000
0,000000
0,000000
0,000000
0,000000
0,000000
0,000000
0,000000
0,000000
0,000000
0,000000
0,000000
0,000000
0,000000
0,000000
0,000000
0,000000
0,000000
0,000000
0,000000
0,000000
0,000000
0,000000
0,000000
0,000000
0,000000
0,000000
0,000000
0,000000
-0,022099
-0,074395
-0,126691
-0,178985
-0,231277
-0,283567
-0,335856
-0,388143
-0,440428
-0,492710
-0,544991
-0,597271
-0,649548
-0,701823
-0,754097
-1,000000
-1,000000
-1,000000
G RSSsd
0,000000
0,000000
0,000000
0,000000
0,000000
0,000000
0,000000
0,000000
0,000000
0,000000
0,000000
0,000000
0,000000
0,000000
0,000000
0,000000
0,000000
0,000000
0,000000
0,000000
0,000000
0,000000
0,000000
0,000000
0,000000
0,000000
0,000000
0,000000
0,000000
0,000000
0,000000
0,000000
0,000000
0,000000
0,000000
0,000000
0,000000
0,000000
0,000000
0,000000
0,000000
0,000000
0,000000
0,000000
0,000000
0,000000
0,000000
0,000000
0,000000
0,000000
0,000000
0,000000
0,000000
0,000000
0,000000
0,000000
0,000000
0,000000
0,000000
0,000000
0,000000
0,000000
0,000000
0,000000
0,000000
0,000000
0,000000
0,000000
0,000000
0,000000
0,000000
0,000000
0,000000
0,000000
0,000000
0,000000
0,000000
0,000000
0,000000
0,000000
0,000000
0,000000
0,000000
0,000000
0,000000
0,000000
0,000000
0,000000
0,000000
0,000000
0,000000
0,000000
0,000000
0,000000
0,000000
0,000000
0,000000
-0,595121
-0,595121
-0,595121
-0,595121
-0,595121
-0,595121
-0,595121
-0,595121
-0,595121
-0,765634
-0,765634
-0,765634
-0,765634
-0,765634
-0,765634
-0,765634
-0,765634
-0,765634
-0,765634
-0,765634
-0,765634
-0,765634
-0,765634
-0,765634
-0,765634
-0,765634
-0,765634
-0,765634
-0,765634
-0,765634
-0,765634
-0,765634
-0,765634
-0,765634
-0,765634
-0,765634
-0,765634
-0,765634
-0,765634
-0,765634
-0,765634
-0,765634
-0,765634
-0,765634
-0,765634
-0,765634
-0,765634
-0,765634
-0,765634
-0,765634
-0,765634
-0,765634
-0,765634
-0,765634
-0,765634
-0,765634
-0,765634
-0,765634
-0,765634
-0,765634
-0,765634
-0,765634
-0,765634
G 5csd
0,000000
0,000000
0,000000
0,000000
0,000000
0,000000
0,000000
0,000000
0,000000
0,000000
0,000000
0,000000
0,000000
0,000000
0,000000
0,000000
0,000000
0,000000
0,000000
0,000000
0,000000
0,000000
0,000000
0,000000
0,000000
0,000000
0,000000
G(sl) U fl
0,000000
0,000000
0,000000
0,000000
0,000000
0,000000
0,000000
0,000000
0,000000
0,000000
0,000000
0,000000
0,000000
0,000000
0,000000
0,000000
0,000000
0,000000
0,000000
0,000000
0,000000
0,000000
0,000000
0,000000
0,000000
0,000000
0,000000
0,000000
0,000000
0,000000
0,000000
0,000000
0,000000
0,000000
0,000000
0,000000
0,000000
0,000000
0,000000
0,000000
0,000000
0,000000
0,000000
0,000000
0,000000
0,000000
0,000000
0,000000
0,000000
0,000000
0,000000
0,000000
0,000000
0,000000
0,000000
0,000000
0,000000
0,000000
0,000000
